0000000 00110 00000 010 00000 0100011 SW
0000000 00000 00000 010 00111 0000011 LW
0000000 00101 00111 000 00110 0010011 ADDI
0000000 00100 00110 010 00111 0010011 SLTI
0000000 00111 00110 010 00111 0010011 SLTI

0000000 00000 00110 100 01000 0010011

0000 0000 1000 0100 1111 0100 1011 0011

0084F4B3

//forloop

1111110 10000 00010 000 00010 0010011 ADDI
0000001 01000 00010 010 01100 0100011 SW
0000001 10000 00010 000 01000 0010011 ADDI
1111111 00000 01000 010 01100 0100011 SW
0000001 01000 00000 000 00000 1101111 JAL

0000000 00100 00000 000 01111 0010011

111111010000
000000110000

00111000

00011000



sim:/TB_RISCV/riscv_top1/I_MEM_DI 

0000000 00100 00000 000 01111 0010011

0000000 00100 00000 000 01111 0010011

1111110 01110 01111 101 10101 1100011